0	497.2769263211428
1	499.1714956236841
10	499.20599896852247
11	500.1222383025818
12	502.0908807238584
13	500.82350364218837
14	500.6642408180177
15	500.5290727179604
16	504.22225772261993
17	495.6497041880391
18	498.8285837159598
19	500.47548340675684
2	495.8708749711844
20	501.64671648374934
21	501.513130982295
22	497.2410076424256
23	503.7277443759788
24	498.8810056556159
25	493.5664793506509
26	505.18543423521743
27	498.70840829790797
28	498.8201656199071
29	495.57200903298394
3	498.97688157972414
30	497.52554912763884
31	498.9661621343238
32	499.09302794943983
33	504.8349409920864
34	501.15386290401767
35	502.60042863242376
36	496.8259051934518
37	495.16519007878566
38	497.4253994327237
39	501.61860538871747
4	504.1868379072639
40	496.63133463730605
41	494.2136456693859
42	501.34852459747526
43	501.7373021404558
44	495.7584620147234
45	496.8188160385386
46	500.2506853271289
47	498.9626178060137
48	500.893846923767
49	496.552050791985
5	499.13218551366185
50	498.290882722126
51	497.0718754945572
52	500.96176894828545
53	504.8193879670198
54	501.59521904506033
55	499.4142202860736
56	496.8199650583674
57	498.13235245190356
58	502.69796495221567
59	504.0025499432171
6	496.0246841366492
60	498.6615872868103
61	498.17887527460186
62	499.3359144215379
63	498.63418001177956
64	503.72287944744187
65	500.32923112160904
66	501.1281822007829
67	501.1509560693113
68	496.50092036281256
69	502.68317552818786
7	496.1816733774334
70	506.3176997454009
71	498.46852917155536
72	499.6822494230702
73	502.1257722264803
74	493.82810289951095
75	495.4811579696134
76	505.864622796689
77	498.55156385345936
78	501.2951151239203
79	494.8551973791917
8	498.50466350347034
80	499.3758234428284
81	499.15170860003576
82	500.19752130032435
83	498.2001423404499
84	496.06523990161764
85	494.60337346580616
86	501.6826681893498
87	499.03551519184646
88	503.8341820826178
89	501.3351853265222
9	496.2831671144839
90	495.6986384136633
91	495.7672355127326
92	499.43088948336896
93	497.42416973489776
94	502.9588482764022
95	497.8544296419021
96	494.41882448237624
97	497.59231121367526
98	504.8340574696505
99	495.5461569811364
